29  // start with int instruction, to access full memory
23  // UTD logo printing code starts here
1780
23
1780
1
10
27
23
1700
28
1
10
27
23
1715
28
23
1780
1
10
27
23
1700
28
1
10
27
23
1715
28
23
1780
1
10
27
23
1700
28
1
15
27
23
1715
28
23
1780
1
10
27
23
1700
28
1
18
27
23
1715
28
1
7
27
23
1700
28
1
3
27
23
1715
28
23
1780
1
10
27
23
1700
28
1
30
27
23
1715
28
23
1780
1
10
27
23
1700
28
1
3
27
23
1715
28
1
3
27
23
1700
28
1
6
27
23
1715
28
1
3
27
23
1700
28
1
3
27
23
1715
28
1
3
27
23
1700
28
23
1730
23
1745
23
1735
23
1745
23
1730
1
3
27
23
1700
28
1
3
27
23
1715
28
1
6
27
23
1700
28
1
8
27
23
1715
28
23
1780
1
10
27
23
1700
28
1
4
27
23
1715
28
23
1735
1
8
27
23
1715
28
23
1735
1
4
27
23
1715
28
1
2
27
23
1700
28
1
3
27
23
1715
28
23
1735
1
3
27
23
1715
28
1
2
27
23
1700
28
1
3
27
23
1715
28
1
7
27
23
1700
28
1
2
27
23
1715
28
1
5
27
23
1700
28
23
1750
1
51
27
23
1700
28
23
1775
23
1775
23
1775
23
1780
1
10
27
23
1700
28
1
4
27
23
1715
28
23
1735
1
8
27
23
1715
28
23
1735
1
4
27
23
1715
28
23
1735
1
4
27
23
1715
28
23
1735
1
4
27
23
1715
28
23
1735
1
3
27
23
1715
28
1
7
27
23
1700
28
1
2
27
23
1715
28
1
6
27
23
1700
28
23
1750
1
6
27
23
1700
28
23
1745
1
7
27
23
1700
28
1
4
27
23
1715
28
1
6
27
23
1700
28
1
4
27
23
1715
28
1
11
27
23
1700
28
23
1745
1
9
27
23
1700
28
23
1740
23
1740
23
1770
23
1750
23
1750
23
1780
1
10
27
23
1700
28
1
4
27
23
1715
28
23
1735
1
8
27
23
1715
28
23
1735
1
4
27
23
1715
28
23
1755
1
4
27
23
1715
28
23
1735
1
4
27
23
1715
28
23
1755
1
3
27
23
1715
28
1
7
27
23
1700
28
1
2
27
23
1715
28
1
6
27
23
1700
28
23
1745
23
1750
1
5
27
23
1700
28
1
2
27
23
1715
28
1
7
27
23
1700
28
1
2
27
23
1715
28
1
8
27
23
1700
28
1
2
27
23
1715
28
1
12
27
23
1700
28
1
2
27
23
1715
28
1
7
27
23
1700
28
23
1740
23
1740
1
3
27
23
1700
28
23
1750
23
1750
23
1780
23
1735
1
13
27
23
1715
28
23
1735
1
8
27
23
1715
28
23
1735
1
9
27
23
1715
28
23
1735
1
9
27
23
1715
28
23
1750
1
5
27
23
1700
28
1
2
27
23
1715
28
1
6
27
23
1700
28
1
3
27
23
1715
28
1
3
27
23
1700
28
1
4
27
23
1715
28
1
6
27
23
1700
28
1
2
27
23
1715
28
1
8
27
23
1700
28
1
2
27
23
1715
28
1
11
27
23
1700
28
1
4
27
23
1715
28
1
5
27
23
1700
28
23
1740
23
1740
23
1780
1
5
27
23
1700
28
1
9
27
23
1715
28
23
1735
1
8
27
23
1715
28
23
1735
1
9
27
23
1715
28
23
1735
1
11
27
23
1715
28
1
4
27
23
1700
28
1
2
27
23
1715
28
1
6
27
23
1700
28
23
1745
23
1740
1
3
27
23
1700
28
23
1740
23
1745
1
2
27
23
1700
28
1
2
27
23
1715
28
1
5
27
23
1700
28
1
2
27
23
1715
28
1
8
27
23
1700
28
1
2
27
23
1715
28
1
10
27
23
1700
28
23
1740
23
1745
1
2
27
23
1700
28
1
2
27
23
1715
28
1
4
27
23
1700
28
23
1750
23
1750
23
1760
23
1760
23
1760
23
1760
23
1760
23
1750
23
1750
23
1780
1
7
27
23
1700
28
23
1750
1
6
27
23
1715
28
23
1735
1
8
27
23
1715
28
23
1735
1
9
27
23
1715
28
23
1735
1
11
27
23
1715
28
1
4
27
23
1700
28
1
2
27
23
1715
28
1
6
27
23
1700
28
23
1740
1
3
27
23
1700
28
1
8
27
23
1715
28
1
4
27
23
1700
28
1
2
27
23
1715
28
1
8
27
23
1700
28
1
2
27
23
1715
28
1
9
27
23
1700
28
1
9
27
23
1715
28
1
9
27
23
1700
28
23
1740
23
1740
23
1780
1
8
27
23
1700
28
23
1750
1
5
27
23
1715
28
23
1735
1
8
27
23
1715
28
23
1735
1
9
27
23
1715
28
23
1735
1
10
27
23
1715
28
23
1740
1
4
27
23
1700
28
1
2
27
23
1715
28
1
5
27
23
1700
28
23
1740

20     // to avoid messing up user stack and timer subroutine, jump to higher address 
1050

.1000 // timer just returns
30

.1050  // load remaining code here to avoid messing up user stack & timer subroutine
1
3
27
23
1700
28
23
1740
23
1745
1
5
27
23
1700
28
1
2
27
23
1715
28
23
1750
1
3
27
23
1700
28
1
2
27
23
1715
28
1
8
27
23
1700
28
1
2
27
23
1715
28
1
9
27
23
1700
28
23
1740
23
1745
1
5
27
23
1700
28
1
2
27
23
1715
28
23
1750
1
7
27
23
1700
28
23
1740
23
1740
23
1780
1
9
27
23
1700
28
23
1750
1
4
27
23
1715
28
23
1750
23
1735
23
1750
1
4
27
23
1715
28
23
1740
23
1735
23
1740
1
9
27
23
1715
28
23
1735
1
9
27
23
1715
28
1
5
27
23
1700
28
1
8
27
23
1715
28
1
3
27
23
1700
28
1
4
27
23
1715
28
1
4
27
23
1700
28
1
3
27
23
1715
28
23
1750
1
2
27
23
1700
28
1
9
27
23
1715
28
23
1735
1
9
27
23
1715
28
23
1735
1
4
27
23
1715
28
1
4
27
23
1700
28
1
3
27
23
1715
28
23
1750
1
2
27
23
1700
28
23
1750
23
1750
23
1770
23
1740
23
1740
23
1780
1
9
27
23
1700
28
23
1750
1
5
27
23
1715
28
23
1750
23
1755
23
1755
23
1755
23
1755
23
1755
23
1755
23
1740
1
8
27
23
1715
28
23
1755
23
1755
23
1755
23
1755
23
1755
1
6
27
23
1715
28
23
1740
1
65
27
23
1700
28
23
1765
23
1765
23
1765
23
1780
1
15
27
23
1700
28
23
1750
1
23
27
23
1715
28
23
1780
1
17
27
23
1700
28
23
1750
1
18
27
23
1715
28
23
1740
23
1780
1
20
27
23
1700
28
23
1750
1
13
27
23
1715
28
23
1740
23
1780
1
22
27
23
1700
28
23
1750
1
11
27
23
1715
28
23
1740
23
1780
1
24
27
23
1700
28
23
1750
1
9
27
23
1715
28
23
1780
1
28
27
23
1700
28
1
6
27
23
1715
28
23
1780
1
31
27
23
1700
28
23
1730
23
1730
23
1730
23
1780
50

.1500  // sys_call jumps to location 1, to access entire memory and run code
20
1

.1700    // reusing code to print repeating characters 
1    ld 1
1 
14   CopyToX
6    LoadSpX  - get num of repetitions
14   CopyToX
1    ld ' ' space
32
9    output
2
26   decX
15   CopyFromX
22   
1705  +5, offset from start
24

.1715 // print pipe
1    ld 1
1 
14   CopyToX
6    LoadSpX  - get num of repetitions 
14   CopyToX
1    ld '|' 
124
9    output
2
26   decX
15   CopyFromX
22   
1720  +5, offset from start
24

.1730 //print semicolon
1
59  ld ';'
9
2
24

.1735 //print space
1
32  ld ' '
9
2
24

.1740 //print fslash
1
47  ld '/'
9
2
24

.1745 //print pipe
1
124  ld '|'
9
2
24

.1750 //print bslash
1
92  ld '\'
9
2
24

.1755 //print uscore
1
95  ld '_'
9
2
24

.1760 //print equalto
1
61  ld '='
9
2
24

.1765 //print `
1
96  ld '`'
9
2
24

.1770 //print period
1
46  ld '.'
9
2
24

.1775 //print comma
1
44  ld ','
9
2
24

.1780   newline
1
10
9
2
24  return
